# energy [MeV] vs. diff. cs per electron [Mbarn / MeV]
2.05925e-06  0
2.18127e-06  0
2.31052e-06  0
2.44743e-06  0
2.59245e-06  0
2.74606e-06  0
2.90877e-06  0
3.08113e-06  0
3.2637e-06  0
3.45708e-06  0
3.66193e-06  0
3.87891e-06  0
4.10875e-06  0
4.35221e-06  0
4.61009e-06  0
4.88326e-06  0
5.17261e-06  0
5.47911e-06  0
5.80377e-06  0
6.14766e-06  0
6.51193e-06  0
6.89779e-06  0
7.30651e-06  0
7.73945e-06  0
8.19804e-06  0
8.6838e-06  0
9.19835e-06  0
9.74338e-06  0
1.03207e-05  0
1.09323e-05  0
1.158e-05  0
1.22662e-05  0
1.2993e-05  0
1.37629e-05  0
1.45784e-05  0
1.54422e-05  0
1.63572e-05  1011.06
1.73265e-05  2014.88
1.83531e-05  3478.76
1.94406e-05  4665.33
2.05925e-05  5404.63
2.18127e-05  5835.5
2.31052e-05  6060.61
2.44743e-05  6112.73
2.59245e-05  6034.54
2.74606e-05  5827.1
2.90877e-05  5482.6
3.08113e-05  4966.67
3.2637e-05  4403.08
3.45708e-05  3918.19
3.66193e-05  3509.56
3.87891e-05  3159.01
4.10875e-05  2821.33
4.35221e-05  2517.2
4.61009e-05  2250.23
4.88326e-05  2013.94
5.17261e-05  1800.09
5.47911e-05  1614.43
5.80377e-05  1446.15
6.14766e-05  1273.41
6.51193e-05  1112.76
6.89779e-05  970.549
7.30651e-05  838.89
7.73945e-05  721.861
8.19804e-05  618.768
8.6838e-05  527.686
9.19835e-05  448.713
9.74338e-05  379.977
0.000103207  320.395
0.000109323  269.252
0.0001158  226.253
0.000122662  190.014
0.00012993  159.375
0.000137629  133.057
0.000145784  110.847
0.000154422  92.2513
0.000163572  76.6128
0.000173265  63.4052
0.000183531  52.368
0.000194406  43.105
0.000205925  35.2985
0.000218127  28.7674
0.000231052  23.3227
0.000244743  18.7886
0.000259245  14.9977
0.000274606  10.0468
0.000290877  15.0557
0.000308113  13.0001
0.00032637  10.6263
0.000345708  8.68606
0.000366193  7.10049
0.000387891  5.78018
0.000410875  4.65622
0.000435221  3.74394
0.000461009  3.01215
0.000488326  2.42601
0.000517261  1.95168
0.000547911  1.56975
0.000580377  1.26066
0.000614766  1.01143
0.000651193  0.805895
0.000689779  2.25044
0.000730651  4.7494
0.000773945  3.87865
0.000819804  3.16749
0.00086838  2.58663
0.000919835  2.1071
0.000974338  1.70862
0.00103207  1.38283
0.00109323  1.11789
0.001158  0.903258
0.00122662  0.729369
0.0012993  0.587674
0.00137629  0.4725
0.00145784  0.379522
0.00154422  0.304234
0.00163572  0.243475
0.00173265  0.194809
0.00183531  0.155639
0.00194406  0.124291
0.00205925  0.0992579
0.00218127  0.0791668
0.00231052  0.0630822
0.00244743  0.0502342
0.00259245  0.0399672
0.00274606  0.0317719
0.00290877  0.0252424
0.00308113  0.0200357
0.0032637  0.0158868
0.00345708  0.0125858
0.00366193  0.00995864
0.00387891  0.00786991
0.00410875  0.00621124
0.00435221  0.00489761
0.00461009  0.00385896
0.00488326  0.00303809
0.00517261  0.00239026
0.00547911  0.00187925
0.00580377  0.001476
0.00614766  0.00115863
0.00651193  0.000908862
0.00689779  0.000712387
0.00730651  0.000557977
0.00773945  0.000436707
0.00819804  0.000341527
0.0086838  0.00026689
0.00919835  0.000208431
0.00974338  0.000162625
0.0103207  0.000126819
0.0109323  9.88103e-05
0.01158  7.69227e-05
0.0122662  5.98545e-05
0.012993  4.65309e-05
0.0137629  3.61484e-05
0.0145784  2.80652e-05
0.0154422  2.17734e-05
0.0163572  1.68827e-05
0.0173265  1.30832e-05
0.0183531  1.01346e-05
0.0194406  7.84733e-06
0.0205925  6.07566e-06
0.0218127  4.70315e-06
0.0231052  3.63976e-06
0.0244743  2.81732e-06
0.0259245  2.1799e-06
0.0274606  1.68721e-06
0.0290877  1.30533e-06
0.0308113  1.02231e-06
0.032637  8.12771e-07
0.0345708  6.46078e-07
0.0366193  5.13475e-07
0.0387891  4.08008e-07
0.0410875  3.24139e-07
0.0435221  2.57457e-07
0.0461009  2.0445e-07
0.0488326  1.6232e-07
0.0517261  1.28843e-07
0.0547911  1.02247e-07
0.0580377  8.11212e-08
0.0614766  6.43446e-08
0.0651193  5.10245e-08
0.0689779  4.04512e-08
0.0730651  3.20602e-08
0.0773945  2.54027e-08
0.0819804  2.01218e-08
0.086838  1.59339e-08
0.0919835  1.26138e-08
0.0974338  9.98218e-09
0.103207  7.89699e-09
0.109323  6.24521e-09
0.1158  4.93715e-09
0.122662  3.9016e-09
0.12993  3.08205e-09
0.137629  2.43367e-09
0.145784  1.92088e-09
0.154422  1.51547e-09
0.163572  1.19507e-09
0.173265  9.41965e-10
0.183531  7.42092e-10
0.194406  5.84322e-10
